2 0.08982371240926373 0.526615969581749 0.6072589007950223 0.526615969581749 0.6072589007950223 0.7319391634980988 0.08982371240926373 0.7319391634980988
3 0.08476322156930521 0.8079847908745247 0.30109920497753195 0.8079847908745247 0.30109920497753195 0.9258555133079849 0.08476322156930521 0.9258555133079849
3 0.39851365364673347 0.7642585551330798 0.6047286553750432 0.7642585551330798 0.6047286553750432 0.8688212927756654 0.39851365364673347 0.8688212927756654
3 0.8147390252333218 0.4372623574144487 0.9463117870722433 0.4372623574144487 0.9463117870722433 0.5342205323193917 0.8147390252333218 0.5342205323193917
3 0.861548565502938 0.3650190114068441 0.9551676460421706 0.3650190114068441 0.9551676460421706 0.46197718631178714 0.861548565502938 0.46197718631178714
0 0.6490079502246802 0.26425855513307983 0.803352920843415 0.26425855513307983 0.803352920843415 0.39543726235741444 0.6490079502246802 0.39543726235741444
0 0.48327687521603874 0.22053231939163498 0.6262357414448668 0.22053231939163498 0.6262357414448668 0.32129277566539927 0.48327687521603874 0.32129277566539927
0 0.0 0.3231939163498099 0.092353957829243 0.3231939163498099 0.092353957829243 0.5171102661596958 0.0 0.5171102661596958
2 0.16952644313861043 0.28517110266159695 0.36815070860698235 0.28517110266159695 0.36815070860698235 0.4904942965779467 0.16952644313861043 0.4904942965779467
0 0.1303076391289319 0.22433460076045625 0.2517594192879364 0.22433460076045625 0.2517594192879364 0.3688212927756654 0.1303076391289319 0.3688212927756654
2 0.82106463878327 0.26806083650190116 1.0 0.26806083650190116 1.0 0.42395437262357416 0.82106463878327 0.42395437262357416
