2 0.06302021403091557 0.39434092575847113 0.47086801426872765 0.39434092575847113 0.47086801426872765 0.6836671484616974 0.06302021403091557 0.6836671484616974
1 0.6730083234244946 0.6086566462793793 0.78359096313912 0.6086566462793793 0.78359096313912 0.7565344934388061 0.6730083234244946 0.7565344934388061
3 0.8977407847800236 0.600084017458543 0.9464922711058262 0.600084017458543 0.9464922711058262 0.8744081397253057 0.8977407847800236 0.8744081397253057
3 0.10344827586206895 0.5507914017387342 0.13436385255648037 0.5507914017387342 0.13436385255648037 0.8765512969305147 0.10344827586206895 0.8765512969305147
3 0.14149821640903684 0.572222973790825 0.18192627824019023 0.572222973790825 0.18192627824019023 0.8444039388523784 0.14149821640903684 0.8444039388523784
3 0.5089179548156956 0.5829387598168704 0.5255648038049939 0.5829387598168704 0.5255648038049939 0.67723767684607 0.5089179548156956 0.67723767684607
3 0.5326991676575504 0.5850819170220795 0.5517241379310344 0.5850819170220795 0.5517241379310344 0.6708082052304427 0.5326991676575504 0.6708082052304427
3 0.9655172413793103 0.6065134890741702 0.9774078478002377 0.6065134890741702 0.9774078478002377 0.7501050218231788 0.9655172413793103 0.7501050218231788
3 0.9833531510107014 0.6129429606897975 0.9952437574316289 0.6129429606897975 0.9952437574316289 0.7522481790283879 0.9833531510107014 0.7522481790283879
3 0.9357907253269916 0.6172292751002157 0.9536266349583827 0.6172292751002157 0.9536266349583827 0.730816606976297 0.9357907253269916 0.730816606976297
